name: synapse
channels:
  - conda-forge
  - defaults
dependencies:
  - _libgcc_mutex=0.1=conda_forge
  - _openmp_mutex=4.5=1_llvm
  - box2d-py=2.3.8=py38h950e882_2
  - bzip2=1.0.8=h7f98852_4
  - ca-certificates=2021.1.19=h06a4308_0
  - certifi=2020.12.5=py38h06a4308_0
  - cffi=1.14.4=py38ha312104_0
  - cloudpickle=1.6.0=py_0
  - cudatoolkit=10.2.89=hfd86e86_1
  - cudnn=7.6.5.32=h01f27c4_1
  - ffmpeg=4.3.1=h3215721_1
  - freetype=2.10.4=h0708190_1
  - future=0.18.2=py38h578d9bd_3
  - gmp=6.2.1=h58526e2_0
  - gnutls=3.6.13=h85f3911_1
  - gym=0.18.0=py38h81c977d_0
  - gym-box2d=0.18.0=py38h578d9bd_0
  - lame=3.100=h7f98852_1001
  - libblas=3.9.0=7_mkl
  - libcblas=3.9.0=7_mkl
  - libedit=3.1.20191231=h14c3975_1
  - libffi=3.2.1=hf484d3e_1007
  - libgcc-ng=9.3.0=h2828fa1_18
  - libgfortran-ng=7.5.0=h14aa051_18
  - libgfortran4=7.5.0=h14aa051_18
  - libiconv=1.16=h516909a_0
  - liblapack=3.9.0=7_mkl
  - libpng=1.6.37=h21135ba_2
  - libprotobuf=3.13.0.1=h8b12597_0
  - libstdcxx-ng=9.1.0=hdf63c60_0
  - llvm-openmp=11.0.0=hfc4b9b4_1
  - magma=2.5.4=h7384022_1
  - mkl=2020.4=h726a3e6_304
  - nccl=2.8.3.1=h1a5f58c_0
  - ncurses=6.2=he6710b0_1
  - nettle=3.6=he412f7d_0
  - ninja=1.10.2=py38hff7bd54_0
  - numpy=1.19.5=py38h18fd61f_1
  - openh264=2.1.1=h8b12597_0
  - openssl=1.1.1i=h27cfd23_0
  - pip=20.3.3=py38h06a4308_0
  - pycparser=2.20=pyh9f0ad1d_2
  - pyglet=1.5.14=py38h578d9bd_1
  - python=3.8.0=h0371630_2
  - python_abi=3.8=1_cp38
  - pytorch=1.7.1=cuda102py38h9f8c3ab_1
  - pytorch-gpu=1.7.1=cuda102py38hf05f184_1
  - readline=7.0=h7b6447c_5
  - scipy=1.5.3=py38h828c644_0
  - setuptools=51.1.2=py38h06a4308_4
  - six=1.15.0=pyh9f0ad1d_0
  - sqlite=3.33.0=h62c20be_0
  - tensorboardx=2.1=py_0
  - tk=8.6.10=hbc83047_0
  - wheel=0.36.2=pyhd3eb1b0_0
  - x264=1!152.20180806=h14c3975_0
  - xz=5.2.5=h7b6447c_0
  - zlib=1.2.11=h7b6447c_3
  - pip:
    - absl-py==0.11.0
    - attrs==21.2.0
    - cachetools==4.2.1
    - chardet==4.0.0
    - click==8.0.3
    - deprecated==1.2.13
    - filelock==3.4.0
    - google-auth==1.26.0
    - google-auth-oauthlib==0.4.2
    - grpcio==1.35.0
    - idna==2.10
    - importlib-resources==5.4.0
    - jsonschema==4.2.1
    - markdown==3.3.3
    - msgpack==1.0.3
    - oauthlib==3.1.0
    - protobuf==3.19.1
    - pyasn1==0.4.8
    - pyasn1-modules==0.2.8
    - pyrsistent==0.18.0
    - pyyaml==6.0
    - ray==1.8.0
    - redis==4.0.2
    - requests==2.25.1
    - requests-oauthlib==1.3.0
    - rsa==4.7
    - tensorboard==2.4.1
    - tensorboard-plugin-wit==1.8.0
    - urllib3==1.26.3
    - werkzeug==1.0.1
    - wrapt==1.13.3
    - zipp==3.6.0
prefix: /home/yaroslav/miniconda3/envs/synapse
